chess-seq-03.ply: 0.010238660073482671 0.014836502080077484
fire-seq-03.ply: 0.007891525591598433 0.017267888533047455
heads-seq-01.ply: 0.014483746247986193 0.0291535622460602
office-seq-02.ply: 0.0278958730212374 0.02747675087886529
office-seq-06.ply: 0.013103623728046153 0.030124067746606024
office-seq-07.ply: 0.008132318376510071 0.017729318919999782
office-seq-09.ply: 0.3387862293777679 0.2607997876120414
pumpkin-seq-01.ply: 0.015708467291045317 0.03579023782673752
redkitchen-seq-03.ply: 0.005703436684371765 0.022327962648699032
redkitchen-seq-04.ply: 0.005452456130856945 0.018472950976737568
redkitchen-seq-06.ply: 0.013639788263684772 0.02239186368154801
redkitchen-seq-12.ply: 0.015088217900317598 0.03974178757000541
redkitchen-seq-14.ply: 0.006494651605066428 0.021992906210860662
stairs-seq-01.ply: 0.004078265738505334 0.01185505523565329