chess-seq-03.ply: 0.009435325369922674 0.014767346199705768
fire-seq-03.ply: 0.006793280848664169 0.015890578011439102
heads-seq-01.ply: 0.009603691135879298 0.024467744894930622
office-seq-02.ply: 0.015200334612649365 0.019767995377813333
office-seq-06.ply: 0.00848605288324578 0.023330047422452642
office-seq-07.ply: 0.00908749643958593 0.015204883503254303
office-seq-09.ply: 0.30169095673716734 0.19310433916423825
pumpkin-seq-01.ply: 0.012855271595439774 0.026186031390679203
redkitchen-seq-03.ply: 0.005090660743585842 0.0218955374096529
redkitchen-seq-04.ply: 0.0049691955079411414 0.017009094305799572
redkitchen-seq-06.ply: 0.011403476478104782 0.019360975461659755
redkitchen-seq-12.ply: 0.008721707889826291 0.03286122388132245
redkitchen-seq-14.ply: 0.006090747963897745 0.019898324409129482
stairs-seq-01.ply: 0.004678090501354044 0.01732309510587863
